50 10
0 1 15
0 2 20
0 3 24
0 4 20
0 5 25
0 6 18
0 7 25
0 8 20
0 9 20
0 10 19
0 11 21
0 12 16
0 13 21
0 14 19
0 15 17
0 16 18
0 17 21
0 18 27
0 19 20
0 20 24
0 21 27
0 22 20
0 23 21
0 24 24
0 25 23
0 26 16
0 27 29
0 28 20
0 29 19
0 30 23
0 31 22
0 32 24
0 33 26
0 34 27
0 35 20
0 36 21
0 37 22
0 38 17
0 39 18
0 40 21
0 41 22
0 42 19
0 43 23
0 44 19
0 45 23
0 46 22
0 47 20
0 48 20
0 49 17
1 2 19
1 3 27
1 4 21
1 5 27
1 6 20
1 7 26
1 8 20
1 9 21
1 10 19
1 11 20
1 12 19
1 13 23
1 14 21
1 15 25
1 16 21
1 17 22
1 18 27
1 19 21
1 20 25
1 21 26
1 22 22
1 23 22
1 24 28
1 25 22
1 26 17
1 27 28
1 28 21
1 29 18
1 30 22
1 31 22
1 32 24
1 33 27
1 34 24
1 35 23
1 36 20
1 37 21
1 38 20
1 39 27
1 40 22
1 41 20
1 42 19
1 43 26
1 44 19
1 45 27
1 46 25
1 47 21
1 48 17
1 49 18
2 3 25
2 4 22
2 5 25
2 6 24
2 7 20
2 8 22
2 9 24
2 10 24
2 11 24
2 12 22
2 13 24
2 14 25
2 15 20
2 16 18
2 17 26
2 18 21
2 19 24
2 20 18
2 21 27
2 22 22
2 23 25
2 24 30
2 25 26
2 26 23
2 27 28
2 28 25
2 29 25
2 30 24
2 31 26
2 32 26
2 33 27
2 34 23
2 35 24
2 36 23
2 37 25
2 38 23
2 39 25
2 40 24
2 41 23
2 42 21
2 43 26
2 44 25
2 45 23
2 46 27
2 47 25
2 48 24
2 49 24
3 4 19
3 5 29
3 6 26
3 7 26
3 8 24
3 9 25
3 10 21
3 11 20
3 12 25
3 13 24
3 14 24
3 15 25
3 16 23
3 17 28
3 18 27
3 19 29
3 20 24
3 21 24
3 22 24
3 23 26
3 24 24
3 25 24
3 26 23
3 27 25
3 28 25
3 29 26
3 30 27
3 31 27
3 32 30
3 33 25
3 34 27
3 35 28
3 36 27
3 37 26
3 38 27
3 39 27
3 40 27
3 41 28
3 42 22
3 43 21
3 44 25
3 45 26
3 46 29
3 47 29
3 48 26
3 49 26
4 5 27
4 6 20
4 7 25
4 8 17
4 9 21
4 10 19
4 11 21
4 12 21
4 13 21
4 14 23
4 15 24
4 16 20
4 17 24
4 18 19
4 19 21
4 20 22
4 21 24
4 22 23
4 23 22
4 24 22
4 25 20
4 26 21
4 27 27
4 28 24
4 29 19
4 30 25
4 31 25
4 32 25
4 33 25
4 34 20
4 35 22
4 36 21
4 37 23
4 38 20
4 39 25
4 40 19
4 41 22
4 42 18
4 43 24
4 44 16
4 45 25
4 46 22
4 47 22
4 48 20
4 49 22
5 6 27
5 7 29
5 8 26
5 9 28
5 10 27
5 11 28
5 12 28
5 13 26
5 14 27
5 15 27
5 16 24
5 17 28
5 18 24
5 19 30
5 20 25
5 21 28
5 22 26
5 23 29
5 24 27
5 25 26
5 26 28
5 27 30
5 28 26
5 29 27
5 30 27
5 31 26
5 32 30
5 33 29
5 34 20
5 35 28
5 36 27
5 37 29
5 38 30
5 39 27
5 40 26
5 41 28
5 42 27
5 43 30
5 44 28
5 45 25
5 46 28
5 47 28
5 48 24
5 49 26
6 7 22
6 8 13
6 9 12
6 10 19
6 11 21
6 12 16
6 13 19
6 14 19
6 15 21
6 16 19
6 17 20
6 18 26
6 19 16
6 20 24
6 21 26
6 22 20
6 23 20
6 24 25
6 25 21
6 26 17
6 27 30
6 28 17
6 29 16
6 30 23
6 31 19
6 32 23
6 33 27
6 34 25
6 35 15
6 36 18
6 37 20
6 38 15
6 39 26
6 40 16
6 41 19
6 42 18
6 43 24
6 44 17
6 45 22
6 46 22
6 47 17
6 48 18
6 49 17
7 8 17
7 9 21
7 10 24
7 11 24
7 12 23
7 13 21
7 14 24
7 15 24
7 16 19
7 17 23
7 18 20
7 19 27
7 20 18
7 21 24
7 22 25
7 23 22
7 24 29
7 25 23
7 26 25
7 27 29
7 28 25
7 29 26
7 30 24
7 31 24
7 32 25
7 33 25
7 34 23
7 35 27
7 36 26
7 37 25
7 38 26
7 39 27
7 40 23
7 41 24
7 42 23
7 43 24
7 44 25
7 45 23
7 46 27
7 47 26
7 48 22
7 49 26
8 9 15
8 10 18
8 11 21
8 12 18
8 13 18
8 14 21
8 15 20
8 16 17
8 17 20
8 18 22
8 19 20
8 20 22
8 21 25
8 22 21
8 23 22
8 24 27
8 25 21
8 26 19
8 27 28
8 28 17
8 29 17
8 30 25
8 31 22
8 32 21
8 33 24
8 34 22
8 35 22
8 36 20
8 37 20
8 38 19
8 39 26
8 40 16
8 41 17
8 42 13
8 43 22
8 44 18
8 45 22
8 46 24
8 47 18
8 48 18
8 49 18
9 10 20
9 11 21
9 12 18
9 13 20
9 14 16
9 15 21
9 16 19
9 17 21
9 18 25
9 19 19
9 20 23
9 21 24
9 22 20
9 23 20
9 24 25
9 25 15
9 26 17
9 27 27
9 28 19
9 29 18
9 30 23
9 31 20
9 32 23
9 33 26
9 34 23
9 35 19
9 36 18
9 37 17
9 38 18
9 39 27
9 40 20
9 41 20
9 42 20
9 43 22
9 44 19
9 45 23
9 46 21
9 47 20
9 48 18
9 49 20
10 11 18
10 12 18
10 13 22
10 14 22
10 15 21
10 16 20
10 17 19
10 18 26
10 19 20
10 20 23
10 21 23
10 22 19
10 23 21
10 24 25
10 25 16
10 26 19
10 27 25
10 28 18
10 29 17
10 30 27
10 31 22
10 32 24
10 33 24
10 34 24
10 35 20
10 36 20
10 37 22
10 38 19
10 39 25
10 40 20
10 41 19
10 42 18
10 43 25
10 44 17
10 45 24
10 46 23
10 47 17
10 48 16
10 49 18
11 12 18
11 13 22
11 14 21
11 15 20
11 16 20
11 17 25
11 18 27
11 19 20
11 20 26
11 21 16
11 22 14
11 23 21
11 24 27
11 25 23
11 26 21
11 27 24
11 28 21
11 29 21
11 30 25
11 31 23
11 32 25
11 33 26
11 34 23
11 35 21
11 36 20
11 37 22
11 38 17
11 39 23
11 40 20
11 41 22
11 42 18
11 43 26
11 44 19
11 45 24
11 46 23
11 47 21
11 48 20
11 49 21
12 13 18
12 14 18
12 15 17
12 16 14
12 17 23
12 18 25
12 19 19
12 20 23
12 21 25
12 22 18
12 23 21
12 24 25
12 25 20
12 26 13
12 27 29
12 28 17
12 29 18
12 30 24
12 31 22
12 32 24
12 33 25
12 34 25
12 35 19
12 36 19
12 37 20
12 38 18
12 39 24
12 40 18
12 41 17
12 42 18
12 43 23
12 44 15
12 45 24
12 46 23
12 47 15
12 48 13
12 49 15
13 14 14
13 15 18
13 16 18
13 17 23
13 18 21
13 19 22
13 20 22
13 21 21
13 22 24
13 23 22
13 24 26
13 25 18
13 26 20
13 27 26
13 28 18
13 29 22
13 30 23
13 31 21
13 32 23
13 33 23
13 34 20
13 35 22
13 36 23
13 37 20
13 38 23
13 39 25
13 40 20
13 41 21
13 42 20
13 43 21
13 44 18
13 45 17
13 46 24
13 47 20
13 48 18
13 49 20
14 15 17
14 16 18
14 17 22
14 18 26
14 19 20
14 20 26
14 21 23
14 22 21
14 23 19
14 24 26
14 25 17
14 26 17
14 27 28
14 28 20
14 29 21
14 30 25
14 31 20
14 32 24
14 33 26
14 34 22
14 35 23
14 36 20
14 37 19
14 38 23
14 39 27
14 40 22
14 41 23
14 42 21
14 43 17
14 44 21
14 45 21
14 46 23
14 47 19
14 48 18
14 49 19
15 16 20
15 17 17
15 18 26
15 19 24
15 20 26
15 21 25
15 22 18
15 23 22
15 24 26
15 25 22
15 26 20
15 27 25
15 28 22
15 29 22
15 30 27
15 31 24
15 32 23
15 33 26
15 34 26
15 35 23
15 36 22
15 37 23
15 38 24
15 39 19
15 40 22
15 41 21
15 42 23
15 43 20
15 44 22
15 45 24
15 46 23
15 47 22
15 48 20
15 49 19
16 17 19
16 18 19
16 19 20
16 20 17
16 21 25
16 22 19
16 23 20
16 24 26
16 25 20
16 26 19
16 27 29
16 28 19
16 29 18
16 30 24
16 31 20
16 32 23
16 33 26
16 34 25
16 35 20
16 36 19
16 37 23
16 38 19
16 39 26
16 40 18
16 41 19
16 42 14
16 43 22
16 44 17
16 45 22
16 46 23
16 47 19
16 48 16
16 49 15
17 18 25
17 19 24
17 20 24
17 21 25
17 22 22
17 23 21
17 24 27
17 25 23
17 26 22
17 27 26
17 28 21
17 29 21
17 30 25
17 31 22
17 32 20
17 33 26
17 34 26
17 35 23
17 36 23
17 37 24
17 38 20
17 39 24
17 40 22
17 41 21
17 42 22
17 43 25
17 44 19
17 45 19
17 46 23
17 47 20
17 48 22
17 49 18
18 19 28
18 20 15
18 21 25
18 22 25
18 23 26
18 24 29
18 25 25
18 26 26
18 27 27
18 28 26
18 29 25
18 30 27
18 31 27
18 32 27
18 33 28
18 34 17
18 35 28
18 36 27
18 37 26
18 38 25
18 39 29
18 40 22
18 41 26
18 42 22
18 43 25
18 44 24
18 45 25
18 46 27
18 47 27
18 48 23
18 49 27
19 20 25
19 21 23
19 22 23
19 23 21
19 24 27
19 25 22
19 26 19
19 27 26
19 28 21
19 29 19
19 30 27
19 31 20
19 32 24
19 33 28
19 34 25
19 35 19
19 36 18
19 37 22
19 38 18
19 39 28
19 40 19
19 41 20
19 42 18
19 43 24
19 44 18
19 45 22
19 46 23
19 47 19
19 48 18
19 49 17
20 21 27
20 22 24
20 23 24
20 24 29
20 25 24
20 26 19
20 27 24
20 28 26
20 29 26
20 30 26
20 31 27
20 32 28
20 33 27
20 34 21
20 35 27
20 36 25
20 37 26
20 38 26
20 39 28
20 40 23
20 41 24
20 42 22
20 43 24
20 44 24
20 45 24
20 46 28
20 47 27
20 48 22
20 49 24
21 22 19
21 23 21
21 24 26
21 25 20
21 26 27
21 27 19
21 28 22
21 29 25
21 30 27
21 31 25
21 32 26
21 33 25
21 34 17
21 35 27
21 36 27
21 37 25
21 38 25
21 39 26
21 40 24
21 41 23
21 42 22
21 43 28
21 44 24
21 45 19
21 46 27
21 47 28
21 48 24
21 49 25
22 23 21
22 24 25
22 25 23
22 26 19
22 27 29
22 28 21
22 29 20
22 30 24
22 31 21
22 32 24
22 33 26
22 34 24
22 35 21
22 36 18
22 37 21
22 38 18
22 39 23
22 40 21
22 41 17
22 42 20
22 43 25
22 44 22
22 45 25
22 46 24
22 47 21
22 48 19
22 49 18
23 24 26
23 25 21
23 26 20
23 27 28
23 28 20
23 29 23
23 30 23
23 31 23
23 32 26
23 33 25
23 34 20
23 35 24
23 36 22
23 37 22
23 38 23
23 39 27
23 40 22
23 41 25
23 42 21
23 43 20
23 44 22
23 45 23
23 46 24
23 47 20
23 48 18
23 49 20
24 25 23
24 26 25
24 27 30
24 28 22
24 29 28
24 30 29
24 31 25
24 32 29
24 33 28
24 34 24
24 35 27
24 36 27
24 37 23
24 38 26
24 39 26
24 40 26
24 41 27
24 42 24
24 43 24
24 44 25
24 45 26
24 46 29
24 47 27
24 48 24
24 49 26
25 26 19
25 27 23
25 28 23
25 29 18
25 30 23
25 31 21
25 32 24
25 33 22
25 34 23
25 35 23
25 36 19
25 37 16
25 38 21
25 39 26
25 40 22
25 41 18
25 42 21
25 43 20
25 44 21
25 45 23
25 46 23
25 47 22
25 48 19
25 49 19
26 27 29
26 28 18
26 29 15
26 30 23
26 31 19
26 32 23
26 33 25
26 34 26
26 35 20
26 36 17
26 37 16
26 38 18
26 39 25
26 40 20
26 41 19
26 42 18
26 43 20
26 44 17
26 45 25
26 46 25
26 47 18
26 48 17
26 49 16
27 28 25
27 29 26
27 30 28
27 31 28
27 32 22
27 33 27
27 34 25
27 35 27
27 36 27
27 37 29
27 38 29
27 39 28
27 40 28
27 41 25
27 42 25
27 43 28
27 44 24
27 45 26
27 46 24
27 47 30
27 48 28
27 49 27
28 29 19
28 30 25
28 31 20
28 32 22
28 33 26
28 34 26
28 35 21
28 36 19
28 37 19
28 38 18
28 39 25
28 40 22
28 41 21
28 42 19
28 43 19
28 44 19
28 45 16
28 46 22
28 47 18
28 48 17
28 49 18
29 30 24
29 31 21
29 32 23
29 33 22
29 34 25
29 35 19
29 36 15
29 37 22
29 38 16
29 39 26
29 40 21
29 41 19
29 42 19
29 43 25
29 44 15
29 45 24
29 46 22
29 47 17
29 48 16
29 49 14
30 31 20
30 32 22
30 33 25
30 34 28
30 35 24
30 36 26
30 37 24
30 38 24
30 39 27
30 40 26
30 41 25
30 42 27
30 43 26
30 44 24
30 45 26
30 46 26
30 47 24
30 48 25
30 49 25
31 32 19
31 33 20
31 34 25
31 35 22
31 36 23
31 37 21
31 38 20
31 39 28
31 40 24
31 41 21
31 42 23
31 43 23
31 44 21
31 45 22
31 46 25
31 47 19
31 48 20
31 49 18
32 33 22
32 34 27
32 35 21
32 36 24
32 37 26
32 38 23
32 39 28
32 40 23
32 41 24
32 42 24
32 43 26
32 44 24
32 45 22
32 46 23
32 47 23
32 48 23
32 49 22
33 34 25
33 35 26
33 36 28
33 37 27
33 38 27
33 39 29
33 40 26
33 41 24
33 42 25
33 43 26
33 44 27
33 45 24
33 46 28
33 47 26
33 48 22
33 49 23
34 35 25
34 36 25
34 37 28
34 38 27
34 39 27
34 40 21
34 41 26
34 42 24
34 43 26
34 44 24
34 45 22
34 46 25
34 47 26
34 48 22
34 49 26
35 36 13
35 37 24
35 38 15
35 39 26
35 40 21
35 41 21
35 42 21
35 43 26
35 44 20
35 45 22
35 46 19
35 47 19
35 48 20
35 49 20
36 37 20
36 38 15
36 39 27
36 40 20
36 41 21
36 42 17
36 43 23
36 44 18
36 45 23
36 46 19
36 47 19
36 48 17
36 49 18
37 38 21
37 39 28
37 40 21
37 41 21
37 42 22
37 43 21
37 44 21
37 45 24
37 46 24
37 47 23
37 48 22
37 49 22
38 39 23
38 40 19
38 41 21
38 42 16
38 43 25
38 44 16
38 45 24
38 46 23
38 47 18
38 48 18
38 49 17
39 40 26
39 41 26
39 42 26
39 43 27
39 44 26
39 45 28
39 46 27
39 47 26
39 48 28
39 49 26
40 41 14
40 42 19
40 43 25
40 44 16
40 45 23
40 46 21
40 47 19
40 48 16
40 49 18
41 42 21
41 43 25
41 44 20
41 45 23
41 46 24
41 47 21
41 48 17
41 49 17
42 43 23
42 44 19
42 45 23
42 46 25
42 47 20
42 48 17
42 49 18
43 44 24
43 45 25
43 46 27
43 47 23
43 48 20
43 49 23
44 45 22
44 46 20
44 47 16
44 48 14
44 49 13
45 46 19
45 47 23
45 48 21
45 49 23
46 47 23
46 48 20
46 49 22
47 48 11
47 49 13
48 49 10